26.023313,119.418714
26.022735,119.418765
26.022735,119.418765
26.022735,119.418765
26.022735,119.418765
26.022735,119.418765
26.022936,119.418621
26.022936,119.418621
26.023058,119.418577
26.022936,119.418621
26.022936,119.418621
26.022936,119.418621
26.022936,119.418621
26.022936,119.418621
26.022936,119.418621
26.022936,119.418621
26.022936,119.418621
26.022936,119.418621
26.022936,119.418621
26.022936,119.418621
26.022936,119.418621
26.022936,119.418621
26.022936,119.418621
26.022936,119.418621
26.022936,119.418621
26.022936,119.418621
26.022936,119.418621
26.022936,119.418621
26.022936,119.418621
26.022815,119.418439
26.023253,119.418239
26.023253,119.418239
26.023253,119.418239
26.023253,119.418239
26.023253,119.418239
26.023253,119.418239
26.023253,119.418239
26.023253,119.418239
26.023253,119.418239
26.023253,119.418239
26.023253,119.418239
26.023253,119.418239
26.023253,119.418239
26.023253,119.418239
26.023253,119.418239
26.023253,119.418239
26.023253,119.418239
26.023253,119.418239
26.023253,119.418239
26.023253,119.418239
26.023253,119.418239
26.023253,119.418239
26.023253,119.418239
26.023253,119.418239
26.023253,119.418239
26.023253,119.418239
26.023253,119.418239
26.023253,119.418239
26.023253,119.418239
26.023253,119.418239
26.023253,119.418239
26.023253,119.418239
26.023253,119.418239
26.023253,119.418239
26.023253,119.418239
26.023253,119.418239
26.023253,119.418239
26.023253,119.418239
26.023253,119.418239
26.023253,119.418239
26.023253,119.418239
26.023253,119.418239
26.023253,119.418239
26.023253,119.418239
26.023253,119.418239
26.023253,119.418239
26.023253,119.418239
26.023253,119.418239
26.023253,119.418239
26.023253,119.418239
26.023253,119.418239
26.023253,119.418239
26.023253,119.418239
26.023253,119.418239
26.023253,119.418239
26.023253,119.418239
26.023253,119.418239
26.023253,119.418239
26.023253,119.418239
26.023253,119.418239
26.023253,119.418239
26.023253,119.418239
26.023253,119.418239
26.023253,119.418239
26.023253,119.418239
26.023253,119.418239
26.023253,119.418239
26.023253,119.418239
26.023253,119.418239
26.023253,119.418239
26.023253,119.418239
26.023253,119.418239
26.023253,119.418239
26.023253,119.418239
26.023253,119.418239
26.023253,119.418239
26.023253,119.418239
26.023253,119.418239
26.023253,119.418239
26.023253,119.418239
26.023253,119.418239
26.023253,119.418239
26.023253,119.418239
26.023253,119.418239
26.023253,119.418239
26.023253,119.418239
26.023253,119.418239
26.023253,119.418239
26.023253,119.418239
26.023253,119.418239
26.023253,119.418239
26.023253,119.418239
26.023253,119.418239
26.023253,119.418239
26.023253,119.418239
26.023253,119.418239
26.023253,119.418239
26.023253,119.418239
26.023253,119.418239
26.023253,119.418239
26.023253,119.418239
26.023253,119.418239
26.023253,119.418239
26.023253,119.418239
26.023253,119.418239
26.023253,119.418239
26.023253,119.418239
26.023253,119.418239
26.023253,119.418239
26.023253,119.418239
26.023253,119.418239
26.023253,119.418239
26.023253,119.418239
26.023253,119.418239
26.023253,119.418239
26.023253,119.418239
26.023253,119.418239
26.023253,119.418239
26.023253,119.418239
26.023253,119.418239
26.023253,119.418239
26.023253,119.418239
26.023253,119.418239
26.023253,119.418239
26.023253,119.418239
26.023253,119.418239
26.023253,119.418239
26.023253,119.418239
26.023253,119.418239
26.023253,119.418239
26.023253,119.418239
26.023253,119.418239
26.023253,119.418239
26.023253,119.418239
26.023253,119.418239
26.023253,119.418239
26.023253,119.418239
26.023253,119.418239
26.023253,119.418239
26.023253,119.418239
26.023253,119.418239
26.023253,119.418239
26.023253,119.418239
26.023253,119.418239
26.023253,119.418239
26.023253,119.418239
26.023253,119.418239
26.023253,119.418239
26.023253,119.418239
26.023253,119.418239
26.023253,119.418239
26.023253,119.418239
26.023253,119.418239
26.023253,119.418239
26.023253,119.418239
26.023253,119.418239
26.023253,119.418239
26.023253,119.418239
26.023253,119.418239
26.023253,119.418239
26.023253,119.418239
26.023253,119.418239
26.023253,119.418239
26.023253,119.418239
26.023253,119.418239
26.023253,119.418239
26.023253,119.418239
26.023253,119.418239
26.023253,119.418239
26.023253,119.418239
26.023253,119.418239
26.023253,119.418239
26.023253,119.418239
26.023253,119.418239
26.023253,119.418239
26.023253,119.418239
26.023253,119.418239
26.023253,119.418239
26.023253,119.418239
26.023253,119.418239
26.023253,119.418239
26.023253,119.418239
26.023253,119.418239
26.023253,119.418239
26.023253,119.418239
26.023253,119.418239
26.023253,119.418239
26.023253,119.418239
26.023253,119.418239
26.023253,119.418239
26.023253,119.418239
26.023253,119.418239
26.023253,119.418239
26.023253,119.418239
26.023253,119.418239
26.023253,119.418239
26.023253,119.418239
26.023253,119.418239
26.023253,119.418239
26.023253,119.418239
26.023253,119.418239
26.023253,119.418239
26.023253,119.418239
26.023253,119.418239
26.023253,119.418239
26.023253,119.418239
26.023253,119.418239
26.023253,119.418239
26.023253,119.418239
26.023253,119.418239
26.023253,119.418239
26.023253,119.418239
26.023253,119.418239
26.023253,119.418239
26.023253,119.418239
26.023253,119.418239
26.023253,119.418239
26.023253,119.418239
26.023253,119.418239
26.023253,119.418239
26.023253,119.418239
26.023253,119.418239
26.023253,119.418239
26.023253,119.418239
26.023253,119.418239
26.023253,119.418239
26.023253,119.418239
26.023253,119.418239
26.023253,119.418239
26.023253,119.418239
26.023253,119.418239
26.023253,119.418239
26.023253,119.418239
26.023253,119.418239
26.023253,119.418239
26.023253,119.418239
26.023253,119.418239
26.023253,119.418239
26.023253,119.418239
26.023253,119.418239
26.023253,119.418239
26.023253,119.418239
26.023253,119.418239
26.023253,119.418239
26.023253,119.418239
26.023253,119.418239
26.023253,119.418239
26.023253,119.418239
26.023253,119.418239
26.023253,119.418239
26.023253,119.418239
26.023253,119.418239
26.023253,119.418239
26.023253,119.418239
26.023253,119.418239
26.023253,119.418239
26.023253,119.418239
26.023253,119.418239
26.023253,119.418239
26.023253,119.418239
26.023253,119.418239
26.023253,119.418239
26.023253,119.418239
26.023253,119.418239
26.023253,119.418239
26.023253,119.418239
26.023253,119.418239
26.023253,119.418239
26.023253,119.418239
26.023253,119.418239
26.023253,119.418239
26.023253,119.418239
26.023253,119.418239
26.023253,119.418239
26.023253,119.418239
26.023253,119.418239
26.023253,119.418239
26.023253,119.418239
26.023253,119.418239
26.023253,119.418239
26.023253,119.418239
26.023253,119.418239
26.023253,119.418239
26.023253,119.418239
26.023253,119.418239
26.023253,119.418239
26.023253,119.418239
26.023253,119.418239
26.023108,119.418455
26.023108,119.418455
26.023108,119.418455
26.023108,119.418455
26.023108,119.418455
26.023108,119.418455
26.023108,119.418455
26.023108,119.418455
26.023108,119.418455
26.023108,119.418455
26.023108,119.418455
26.023108,119.418455
26.023108,119.418455
26.023108,119.418455
26.023108,119.418455
26.023108,119.418455
26.023108,119.418455
26.023108,119.418455
26.023108,119.418455
26.023108,119.418455
26.023108,119.418455
26.023108,119.418455
26.023108,119.418455
26.023108,119.418455
26.023108,119.418455
26.023108,119.418455
26.023108,119.418455
26.023108,119.418455
26.023108,119.418455
26.023108,119.418455
26.023108,119.418455
26.023108,119.418455
26.023108,119.418455
26.023108,119.418455
26.023108,119.418455
26.023108,119.418455
26.023108,119.418455
26.023108,119.418455
26.023108,119.418455
26.023108,119.418455
26.023108,119.418455
26.023108,119.418455
26.023108,119.418455
26.023108,119.418455
26.023108,119.418455
26.023108,119.418455
26.023108,119.418455
26.023108,119.418455
26.023108,119.418455
26.023108,119.418455
26.023108,119.418455
26.023108,119.418455
26.023108,119.418455
26.023108,119.418455
26.023108,119.418455
26.023108,119.418455
26.023108,119.418455
26.023108,119.418455
26.023108,119.418455
26.023108,119.418455
26.023108,119.418455
26.023108,119.418455
26.023108,119.418455
26.023108,119.418455
26.023108,119.418455
26.023108,119.418455
26.023108,119.418455
26.023108,119.418455
26.023108,119.418455
26.023108,119.418455
26.023108,119.418455
26.023108,119.418455
26.023108,119.418455
26.023108,119.418455
26.023108,119.418455
26.023108,119.418455
26.023108,119.418455
26.023108,119.418455
26.023108,119.418455
26.023108,119.418455
26.023108,119.418455
26.023108,119.418455
26.023108,119.418455
26.023108,119.418455
26.023108,119.418455
26.023108,119.418455
26.023108,119.418455
26.023108,119.418455
26.023108,119.418455
26.023108,119.418455
26.023108,119.418455
26.023108,119.418455
26.023108,119.418455
26.023108,119.418455
26.023108,119.418455
26.023108,119.418455
26.023108,119.418455
26.023108,119.418455
26.023108,119.418455
26.023108,119.418455
26.023108,119.418455
26.023108,119.418455
26.023108,119.418455
26.023108,119.418455
26.023108,119.418455
26.023108,119.418455
26.023108,119.418455
26.023108,119.418455
26.023108,119.418455
26.023108,119.418455
26.023108,119.418455
26.023108,119.418455
26.023108,119.418455
26.023108,119.418455
26.023108,119.418455
26.023108,119.418455
26.023108,119.418455
26.023108,119.418455
26.023108,119.418455
26.023108,119.418455
26.023108,119.418455
26.023108,119.418455
26.023108,119.418455
26.023108,119.418455
26.023108,119.418455
26.023108,119.418455
26.023108,119.418455
26.023108,119.418455
26.023108,119.418455
26.023108,119.418455
26.023108,119.418455
26.023108,119.418455
26.023108,119.418455
26.023108,119.418455
26.023108,119.418455
26.023108,119.418455
26.023108,119.418455
26.023108,119.418455
26.023108,119.418455
26.023108,119.418455
26.023108,119.418455
26.023108,119.418455
26.023108,119.418455
26.023108,119.418455
26.023108,119.418455
26.023108,119.418455
26.023108,119.418455
26.023108,119.418455
26.023108,119.418455
26.023108,119.418455
26.023108,119.418455
26.023108,119.418455
26.023108,119.418455
26.023108,119.418455
26.023108,119.418455
26.023108,119.418455
26.023108,119.418455
26.023108,119.418455
26.023108,119.418455
26.023108,119.418455
26.023108,119.418455
26.023108,119.418455
26.023108,119.418455
26.023108,119.418455
26.023108,119.418455
26.024457,119.419305
26.024457,119.419305
26.024457,119.419305
26.024462,119.419467
26.024462,119.419467
26.024462,119.419467
26.024541,119.419642
26.024541,119.419642
26.024541,119.419642
26.024535,119.419753
26.024535,119.419753
26.024535,119.419753
26.024511,119.419883
26.024511,119.419883
26.024511,119.419883
26.024485,119.420009
26.024485,119.420009
26.024485,119.420009
26.024477,119.420159
26.024477,119.420159
26.024477,119.420159
26.024458,119.420222
26.024458,119.420222
26.024458,119.420222
26.024451,119.42041
26.024451,119.42041
26.024451,119.42041
26.024441,119.420563
26.024441,119.420563
26.024441,119.420563
26.024381,119.420694
26.024381,119.420694
26.024381,119.420694
26.024323,119.420834
26.024323,119.420834
26.024323,119.420834
26.024273,119.42099
26.024273,119.42099
26.024273,119.42099
26.024243,119.421127
26.024243,119.421127
26.024243,119.421127
26.024225,119.421256
26.024225,119.421256
26.024225,119.421256
26.024199,119.421381
26.024199,119.421381
26.024199,119.421381
26.02421,119.421487
26.02421,119.421487
26.02421,119.421487
26.024224,119.421605
26.024224,119.421605
26.024224,119.421605
26.024194,119.421732
26.024194,119.421732
26.024194,119.421732
26.024146,119.42187
26.024146,119.42187
26.024146,119.42187
26.024123,119.421994
26.024123,119.421994
26.024123,119.421994
26.024076,119.422079
26.024076,119.422079
26.024076,119.422079
26.024033,119.42218
26.024033,119.42218
26.024033,119.42218
26.024002,119.422261
26.024002,119.422261
26.024002,119.422261
26.023978,119.422339
26.023978,119.422339
26.023978,119.422339
26.023945,119.422431
26.023945,119.422431
26.023945,119.422431
26.023886,119.422541
26.023886,119.422541
26.023886,119.422541
26.023825,119.422669
26.023825,119.422669
26.023825,119.422669
26.023755,119.422822
26.023755,119.422822
26.023755,119.422822
26.023755,119.422822
26.023755,119.422822
26.023755,119.422822
26.023755,119.422822
26.023755,119.422822
26.023755,119.422822
26.023755,119.422822
26.023755,119.422822
26.023755,119.422822
26.023755,119.422822
26.023755,119.422822
26.023755,119.422822
26.023755,119.422822
26.023755,119.422822
26.023755,119.422822
26.023755,119.422822
26.023755,119.422822
26.023755,119.422822
26.02339,119.423687
26.02339,119.423687
26.02339,119.423687
26.023363,119.42378
26.023363,119.42378
26.023363,119.42378
26.023363,119.423886
26.023363,119.423886
26.023363,119.423886
26.023395,119.423967
26.023395,119.423967
26.023395,119.423967
26.023429,119.424073
26.023429,119.424073
26.023429,119.424073
26.023493,119.42415
26.023493,119.42415
26.023493,119.42415
26.023526,119.424234
26.023526,119.424234
26.023526,119.424234
26.023499,119.424326
26.023499,119.424326
26.023499,119.424326
26.023499,119.424326
26.023499,119.424326
26.023499,119.424326
26.023499,119.424326
26.023499,119.424326
26.023499,119.424326
26.023499,119.424326
26.023499,119.424326
26.023499,119.424326
26.023499,119.424326
26.023499,119.424326
26.023499,119.424326
26.023499,119.424326
26.023499,119.424326
26.023499,119.424326
26.023499,119.424326
26.023499,119.424326
26.023499,119.424326
26.023499,119.424326
26.023499,119.424326
26.023499,119.424326
26.023499,119.424326
26.023499,119.424326
26.023499,119.424326
26.023499,119.424326
26.023499,119.424326
26.023499,119.424326
26.023401,119.424172
26.023401,119.424172
26.023401,119.424172
26.023388,119.424184
26.023388,119.424184
26.023388,119.424184
26.023388,119.424184
26.023388,119.424184
26.023388,119.424184
26.023388,119.424184
26.023388,119.424184
26.023388,119.424184
26.023478,119.424194
26.023478,119.424194
26.023478,119.424194
26.02348,119.424204
26.02348,119.424204
26.02348,119.424204
26.02348,119.424204
26.02348,119.424204
26.02348,119.424204
26.02348,119.424204
26.02348,119.424204
26.02348,119.424204
26.02348,119.424204
26.02348,119.424204
26.02348,119.424204
26.02348,119.424204
26.02348,119.424204
26.02348,119.424204
26.02348,119.424204
26.02348,119.424204
26.02348,119.424204
26.02348,119.424204
26.02348,119.424204
26.02348,119.424204
26.02348,119.424204
26.02348,119.424204
26.02348,119.424204
26.02348,119.424204
26.02348,119.424204
26.02348,119.424204
26.02348,119.424204
26.02348,119.424204
26.02348,119.424204
26.02348,119.424204
26.02348,119.424204
26.02348,119.424204
26.02348,119.424204
26.02348,119.424204
26.02348,119.424204
26.02348,119.424204
26.02348,119.424204
26.024007,119.421236
26.024007,119.421236
26.024007,119.421236
26.024007,119.421236
26.024007,119.421236
26.024007,119.421236
26.023152,119.423829
26.023152,119.423829
26.023152,119.423829
26.023152,119.423829
26.023152,119.423829
26.023152,119.423829
26.023152,119.423829
26.023152,119.423829
26.023152,119.423829
26.023152,119.423829
26.023152,119.423829
26.023152,119.423829
26.023152,119.423829
26.023152,119.423829
26.023152,119.423829
26.023152,119.423829
26.023152,119.423829
26.023152,119.423829
26.023152,119.423829
26.023152,119.423829
26.023152,119.423829
26.023067,119.423852
26.023067,119.423852
26.023067,119.423852
26.023067,119.423852
26.023067,119.423852
26.023067,119.423852
26.023067,119.423852
26.023067,119.423852
26.023067,119.423852
26.023067,119.423852
26.023067,119.423852
26.023067,119.423852
26.023067,119.423852
26.023067,119.423852
26.023067,119.423852
26.023067,119.423852
26.023067,119.423852
26.023067,119.423852
26.023067,119.423852
26.023067,119.423852
26.023067,119.423852
26.023067,119.423852
26.023067,119.423852
26.023067,119.423852
26.023067,119.423852
26.023067,119.423852
26.023067,119.423852
26.023067,119.423852
26.023067,119.423852
26.023067,119.423852
26.023067,119.423852
26.023067,119.423852
26.023067,119.423852
26.023067,119.423852
26.023067,119.423852
26.023067,119.423852
26.023067,119.423852
26.023067,119.423852
26.023067,119.423852
26.023067,119.423852
26.023067,119.423852
26.023067,119.423852
26.023067,119.423852
26.023067,119.423852
26.023067,119.423852
26.023067,119.423852
26.023067,119.423852
26.023067,119.423852
26.023067,119.423852
26.023067,119.423852
26.023067,119.423852
26.02297,119.423836
26.02297,119.423836
26.02297,119.423836
26.02297,119.423836
26.02297,119.423836
26.02297,119.423836
26.02297,119.423836
26.02297,119.423836
26.02297,119.423836
26.02297,119.423836
26.02297,119.423836
26.02297,119.423836
26.02297,119.423836
26.02297,119.423836
26.02297,119.423836
26.02297,119.423836
26.02297,119.423836
26.02297,119.423836
26.02297,119.423836
26.02297,119.423836
26.02297,119.423836
26.02297,119.423836
26.02297,119.423836
26.02297,119.423836
26.02297,119.423836
26.02297,119.423836
26.02297,119.423836
26.02297,119.423836
26.02297,119.423836
26.02297,119.423836
26.02297,119.423836
26.02297,119.423836
26.02297,119.423836
26.02297,119.423836
26.02297,119.423836
26.02297,119.423836
26.023022,119.423818
26.023022,119.423818
26.023022,119.423818
26.023022,119.423818
26.023022,119.423818
26.023022,119.423818
26.023022,119.423818
26.023022,119.423818
26.023022,119.423818
26.023022,119.423818
26.023022,119.423818
26.023022,119.423818
26.023022,119.423818
26.023022,119.423818
26.023022,119.423818
26.023022,119.423818
26.023022,119.423818
26.023022,119.423818
26.023022,119.423818
26.023022,119.423818
26.023022,119.423818
26.023022,119.423818
26.023022,119.423818
26.023022,119.423818
26.023022,119.423818
26.023022,119.423818
26.023022,119.423818
26.023022,119.423818
26.023022,119.423818
26.023022,119.423818
26.023022,119.423818
26.023022,119.423818
26.023022,119.423818
26.023022,119.423818
26.023022,119.423818
26.023022,119.423818
26.023022,119.423818
26.023022,119.423818
26.023022,119.423818
26.023022,119.423818
26.023022,119.423818
26.023022,119.423818
26.023022,119.423818
26.023022,119.423818
26.023022,119.423818
26.023022,119.423818
26.023022,119.423818
26.023022,119.423818
26.023022,119.423818
26.023022,119.423818
26.023022,119.423818
26.023022,119.423818
26.023022,119.423818
26.023022,119.423818
26.023022,119.423818
26.023022,119.423818
26.023022,119.423818
26.023022,119.423818
26.023022,119.423818
26.023022,119.423818
26.023022,119.423818
26.023022,119.423818
26.023022,119.423818
26.023022,119.423818
26.023022,119.423818
26.023022,119.423818
26.023022,119.423818
26.023022,119.423818
26.023022,119.423818
26.023022,119.423818
26.023022,119.423818
26.023022,119.423818
26.023046,119.423871
26.023046,119.423871
26.023046,119.423871
26.023046,119.423871
26.023046,119.423871
26.023046,119.423871
26.023046,119.423871
26.023046,119.423871
26.023046,119.423871
26.023046,119.423871
26.023046,119.423871
26.023046,119.423871
26.023046,119.423871
26.023046,119.423871
26.023046,119.423871
26.023046,119.423871
26.023046,119.423871
26.023046,119.423871
26.023046,119.423871
26.023046,119.423871
26.023046,119.423871
26.023046,119.423871
26.023046,119.423871
26.023046,119.423871
26.023046,119.423871
26.023046,119.423871
26.023046,119.423871
26.023046,119.423871
26.023046,119.423871
26.023046,119.423871
26.023046,119.423871
26.023046,119.423871
26.023046,119.423871
26.023046,119.423871
26.023046,119.423871
26.023046,119.423871
26.023046,119.423871
26.023046,119.423871
26.023046,119.423871
26.023046,119.423871
26.023046,119.423871
26.023046,119.423871
26.023046,119.423871
26.023046,119.423871
26.023046,119.423871
26.023046,119.423871
26.023046,119.423871
26.023046,119.423871
26.023046,119.423871
26.023046,119.423871
26.023046,119.423871
26.023046,119.423871
26.023046,119.423871
26.023046,119.423871
26.023046,119.423871
26.023046,119.423871
26.023046,119.423871
26.023046,119.423871
26.023046,119.423871
26.023046,119.423871
26.023046,119.423871
26.023046,119.423871
26.023046,119.423871
26.023046,119.423871
26.023046,119.423871
26.023046,119.423871
26.023046,119.423871
26.023046,119.423871
26.023046,119.423871
26.023046,119.423871
26.023046,119.423871
26.023046,119.423871
26.023046,119.423871
26.023046,119.423871
26.023046,119.423871
26.023046,119.423871
26.023046,119.423871
26.023046,119.423871
26.023046,119.423871
26.023046,119.423871
26.023046,119.423871
26.023046,119.423871
26.023046,119.423871
26.023046,119.423871
26.023046,119.423871
26.023046,119.423871
26.023046,119.423871
26.023046,119.423871
26.023046,119.423871
26.023046,119.423871
26.023046,119.423871
26.023046,119.423871
26.023046,119.423871
26.023046,119.423871
26.023046,119.423871
26.023046,119.423871
26.023046,119.423871
26.023046,119.423871
26.023046,119.423871
26.023046,119.423871
26.023046,119.423871
26.023046,119.423871
26.023046,119.423871
26.023046,119.423871
26.023046,119.423871
26.023046,119.423871
26.023046,119.423871
26.023046,119.423871
26.023053,119.423894
26.023046,119.423871
26.023046,119.423871
26.023046,119.423871
26.023046,119.423871
26.023046,119.423871
26.023046,119.423871
26.023046,119.423871
26.023046,119.423871
26.023046,119.423871
26.023046,119.423871
26.023046,119.423871
26.023046,119.423871
26.023046,119.423871
26.023046,119.423871
26.023046,119.423871
26.023046,119.423871
26.023046,119.423871
26.023046,119.423871
26.023046,119.423871
26.023046,119.423871
26.023046,119.423871
26.023046,119.423871
26.023046,119.423871
26.023046,119.423871
26.023046,119.423871
26.023046,119.423871
26.023046,119.423871
26.023046,119.423871
26.023046,119.423871
26.023046,119.423871
26.023046,119.423871
26.023046,119.423871
26.023046,119.423871
26.023046,119.423871
26.023046,119.423871
26.023046,119.423871
26.023046,119.423871
26.023046,119.423871
26.023046,119.423871
26.023046,119.423871
26.023046,119.423871
26.023046,119.423871
26.023046,119.423871
26.023046,119.423871
26.023046,119.423871
26.023046,119.423871
26.023046,119.423871
26.023046,119.423871
26.023046,119.423871
26.023046,119.423871
26.023046,119.423871
26.023046,119.423871
26.023046,119.423871
26.023046,119.423871
26.023046,119.423871
26.023046,119.423871
26.023046,119.423871
26.023046,119.423871
26.023046,119.423871
26.023046,119.423871
26.023046,119.423871
26.023046,119.423871
26.023046,119.423871
26.023046,119.423871
26.023046,119.423871
26.023046,119.423871
26.023046,119.423871
26.023046,119.423871
26.023046,119.423871
26.023046,119.423871
26.023046,119.423871
26.023046,119.423871
26.023046,119.423871
26.023046,119.423871
26.023046,119.423871
26.023046,119.423871
26.023046,119.423871
26.023046,119.423871
26.023046,119.423871
26.023046,119.423871
26.023046,119.423871
26.023046,119.423871
26.023046,119.423871
26.023046,119.423871
26.023046,119.423871
26.023046,119.423871
26.023046,119.423871
26.023046,119.423871
26.023046,119.423871
26.023046,119.423871
26.023046,119.423871
26.023046,119.423871
26.023046,119.423871
26.023046,119.423871
26.023046,119.423871
26.023046,119.423871
26.023046,119.423871
26.023046,119.423871
26.023046,119.423871
26.023046,119.423871
26.023046,119.423871
26.023046,119.423871
26.023046,119.423871
26.023046,119.423871
26.023046,119.423871
26.023046,119.423871
26.023046,119.423871
26.023046,119.423871
26.023046,119.423871
26.023046,119.423871
26.023046,119.423871
26.023046,119.423871
26.023046,119.423871
26.023046,119.423871
26.023046,119.423871
26.023046,119.423871
26.023046,119.423871
26.023046,119.423871
26.023046,119.423871
26.023046,119.423871
26.023046,119.423871
26.023046,119.423871
26.023046,119.423871
26.023046,119.423871
26.023046,119.423871
26.023046,119.423871
26.023046,119.423871
26.023046,119.423871
26.023046,119.423871
26.023046,119.423871
26.023046,119.423871
26.023046,119.423871
26.023046,119.423871
26.023046,119.423871
26.023046,119.423871
26.023046,119.423871
26.023046,119.423871
26.023046,119.423871
26.023046,119.423871
26.023046,119.423871
26.023046,119.423871
26.023046,119.423871
26.023046,119.423871
26.023046,119.423871
26.023046,119.423871
26.023046,119.423871
26.023046,119.423871
26.023046,119.423871
26.023046,119.423871
26.023046,119.423871
26.023046,119.423871
26.023046,119.423871
26.023046,119.423871
26.023046,119.423871
26.023046,119.423871
26.023046,119.423871
26.023046,119.423871
26.023046,119.423871
26.023046,119.423871
26.023046,119.423871
26.023046,119.423871
26.023046,119.423871
26.023046,119.423871
26.023046,119.423871
26.023046,119.423871
26.023046,119.423871
26.023046,119.423871
26.023046,119.423871
26.023046,119.423871
26.023046,119.423871
26.023046,119.423871
26.023046,119.423871
26.023046,119.423871
26.023046,119.423871
26.023046,119.423871
26.023046,119.423871
26.023046,119.423871
26.023046,119.423871
26.023046,119.423871
26.023046,119.423871
26.023046,119.423871
26.023046,119.423871
26.023046,119.423871
26.023046,119.423871
26.023046,119.423871
26.023046,119.423871
26.023046,119.423871
26.023046,119.423871
26.023046,119.423871
26.023046,119.423871
26.023046,119.423871
26.023046,119.423871
26.023046,119.423871
26.023046,119.423871
26.023046,119.423871
26.023046,119.423871
26.023046,119.423871
26.023046,119.423871
26.023046,119.423871
26.023046,119.423871
26.023046,119.423871
26.023046,119.423871
26.023046,119.423871
26.023046,119.423871
26.023046,119.423871
26.023046,119.423871
26.023046,119.423871
26.023046,119.423871
26.023046,119.423871
26.023046,119.423871
26.023046,119.423871
26.023046,119.423871
26.023046,119.423871
26.023046,119.423871
26.023046,119.423871
26.023046,119.423871
26.023046,119.423871
26.023046,119.423871
26.023046,119.423871
26.023046,119.423871
26.023046,119.423871
26.023046,119.423871
26.023046,119.423871
26.023046,119.423871
26.023046,119.423871
26.023046,119.423871
26.023046,119.423871
26.023046,119.423871
26.023046,119.423871
26.023046,119.423871
26.023046,119.423871
26.023046,119.423871
26.023046,119.423871
26.023046,119.423871
26.023046,119.423871
26.023046,119.423871
26.023046,119.423871
26.023046,119.423871
26.023046,119.423871
26.023046,119.423871
26.023046,119.423871
26.023046,119.423871
26.023046,119.423871
26.023046,119.423871
26.023046,119.423871
26.023046,119.423871
26.023046,119.423871
26.023046,119.423871
26.023046,119.423871
26.023046,119.423871
26.023046,119.423871
26.023046,119.423871
26.023046,119.423871
26.023046,119.423871
26.023046,119.423871
26.023046,119.423871
26.023046,119.423871
26.023046,119.423871
26.023046,119.423871
26.023046,119.423871
26.023046,119.423871
26.023046,119.423871
26.023046,119.423871
26.023046,119.423871
26.023152,119.423859
26.023152,119.423859
26.023152,119.423859
26.023152,119.423859
26.023152,119.423859
26.023152,119.423859
26.023152,119.423859
26.023152,119.423859
26.023152,119.423859
26.023152,119.423859
26.023152,119.423859
26.023152,119.423859
26.023152,119.423859
26.023152,119.423859
26.023152,119.423859
26.023152,119.423859
26.023152,119.423859
26.023152,119.423859
26.023152,119.423859
26.023152,119.423859
26.023152,119.423859
26.023152,119.423859
26.023152,119.423859
26.023152,119.423859
26.023152,119.423859
26.023152,119.423859
26.023152,119.423859
26.023152,119.423859
26.023152,119.423859
26.023152,119.423859
26.023152,119.423859
26.023152,119.423859
26.023152,119.423859
26.023152,119.423859
26.023152,119.423859
26.023152,119.423859
26.023152,119.423859
26.023152,119.423859
26.023152,119.423859
26.023152,119.423859
26.023152,119.423859
26.023152,119.423859
26.023152,119.423859
26.023152,119.423859
26.023152,119.423859
26.023152,119.423859
26.023152,119.423859
26.023152,119.423859
26.023152,119.423859
26.023152,119.423859
26.023152,119.423859
26.023152,119.423859
26.023152,119.423859
26.023152,119.423859
26.023152,119.423859
26.023152,119.423859
26.023152,119.423859
26.023152,119.423859
26.023152,119.423859
26.023152,119.423859
26.023152,119.423859
26.023152,119.423859
26.023152,119.423859
26.023152,119.423859
26.023152,119.423859
26.023152,119.423859
26.023152,119.423859
26.023152,119.423859
26.023152,119.423859
26.023152,119.423859
26.023152,119.423859
26.023152,119.423859
26.023152,119.423859
26.023152,119.423859
26.023152,119.423859
26.023152,119.423859
26.023152,119.423859
26.023152,119.423859
26.023152,119.423859
26.023152,119.423859
26.023152,119.423859
26.023152,119.423859
26.023152,119.423859
26.023152,119.423859
26.023152,119.423859
26.023152,119.423859
26.023152,119.423859
26.023152,119.423859
26.023152,119.423859
26.023152,119.423859
26.023152,119.423859
26.023152,119.423859
26.023152,119.423859
26.023152,119.423859
26.023152,119.423859
26.023152,119.423859
26.023152,119.423859
26.023152,119.423859
26.023152,119.423859
26.023152,119.423859
26.023152,119.423859
26.023152,119.423859
26.023152,119.423859
26.023152,119.423859
26.023152,119.423859
26.023152,119.423859
26.023152,119.423859
26.023152,119.423859
26.023152,119.423859
26.023152,119.423859
26.023152,119.423859
26.023152,119.423859
26.023152,119.423859
26.023152,119.423859
26.023152,119.423859
26.023152,119.423859
26.023152,119.423859
26.023152,119.423859
26.023152,119.423859
26.023152,119.423859
26.023152,119.423859
26.023152,119.423859
26.023152,119.423859
26.023152,119.423859
26.023152,119.423859
26.023152,119.423859
26.023152,119.423859
26.023152,119.423859
26.023152,119.423859
26.023152,119.423859
26.023152,119.423859
26.023152,119.423859
26.023152,119.423859
26.023152,119.423859
26.023152,119.423859
26.023152,119.423859
26.023152,119.423859
26.023152,119.423859
26.023152,119.423859
26.023152,119.423859
26.023152,119.423859
26.023152,119.423859
26.023152,119.423859
26.023152,119.423859
26.023152,119.423859
26.023152,119.423859
26.023152,119.423859
26.023152,119.423859
26.023152,119.423859
26.023152,119.423859
26.023152,119.423859
26.023152,119.423859
26.023152,119.423859
26.023152,119.423859
26.023152,119.423859
26.023152,119.423859
26.023152,119.423859
26.023152,119.423859
26.023152,119.423859
26.023152,119.423859
26.023152,119.423859
26.023152,119.423859
26.023152,119.423859
26.023152,119.423859
26.023152,119.423859
26.023152,119.423859
26.023152,119.423859
26.023152,119.423859
26.023152,119.423859
26.023152,119.423859
26.023152,119.423859
26.023152,119.423859
26.023152,119.423859
26.023152,119.423859
26.023152,119.423859
26.023152,119.423859
26.023152,119.423859
26.023152,119.423859
26.023152,119.423859
26.023152,119.423859
26.023152,119.423859
26.023152,119.423859
26.023152,119.423859
26.023152,119.423859
26.023152,119.423859
26.023152,119.423859
26.023152,119.423859
26.023152,119.423859
26.023152,119.423859
26.023152,119.423859
26.023152,119.423859
26.023152,119.423859
26.023152,119.423859
26.023152,119.423859
26.023152,119.423859
26.023152,119.423859
26.023152,119.423859
26.023152,119.423859
26.023152,119.423859
26.023152,119.423859
26.023152,119.423859
26.023152,119.423859
26.023152,119.423859
26.023152,119.423859
26.023152,119.423859
26.023152,119.423859
26.023152,119.423859
26.023152,119.423859
26.023152,119.423859
26.023152,119.423859
26.023152,119.423859
26.023152,119.423859
26.023152,119.423859
26.023152,119.423859
26.023152,119.423859
26.023152,119.423859
26.023152,119.423859
26.023152,119.423859
26.023152,119.423859
26.023152,119.423859
26.023152,119.423859
26.023152,119.423859
26.023152,119.423859
26.023152,119.423859
26.023152,119.423859
26.023152,119.423859
26.023152,119.423859
26.023152,119.423859
26.023152,119.423859
26.023152,119.423859
26.023152,119.423859
26.023152,119.423859
26.023152,119.423859
26.023152,119.423859
26.023152,119.423859
26.023152,119.423859
26.023152,119.423859
26.023152,119.423859
26.023152,119.423859
26.023152,119.423859
26.023152,119.423859
26.023152,119.423859
26.023152,119.423859
26.023152,119.423859
26.023152,119.423859
26.023152,119.423859
26.023152,119.423859
26.023152,119.423859
26.023152,119.423859
26.023152,119.423859
26.023152,119.423859
26.023152,119.423859
26.023152,119.423859
26.023152,119.423859
26.023152,119.423859
26.023152,119.423859
26.023152,119.423859
26.023152,119.423859
26.023152,119.423859
26.023152,119.423859
26.023152,119.423859
26.023152,119.423859
26.023152,119.423859
26.023152,119.423859
26.023152,119.423859
26.023152,119.423859
26.023152,119.423859
26.023152,119.423859
26.023152,119.423859
26.023152,119.423859
26.023152,119.423859
26.023152,119.423859
26.023152,119.423859
26.023152,119.423859
26.023152,119.423859
26.023152,119.423859
26.023642,119.422868
26.023642,119.422868
26.023642,119.422868
26.023642,119.422868
26.023642,119.422868
26.023642,119.422868
26.023642,119.422868
26.023642,119.422868
26.023642,119.422868
26.023642,119.422868
26.023642,119.422868
26.023642,119.422868
26.023642,119.422868
26.023642,119.422868
26.023642,119.422868
26.023642,119.422868
26.023642,119.422868
26.023642,119.422868
26.023642,119.422868
26.023642,119.422868
26.023642,119.422868
26.023642,119.422868
26.023642,119.422868
26.023642,119.422868
26.023642,119.422868
26.023642,119.422868
26.023642,119.422868
26.023642,119.422868
26.023642,119.422868
26.023642,119.422868
26.023642,119.422868
26.023642,119.422868
26.023642,119.422868
26.023642,119.422868
26.023642,119.422868
26.023642,119.422868
26.023642,119.422868
26.023642,119.422868
26.023642,119.422868
26.023642,119.422868
26.023642,119.422868
26.023642,119.422868
26.023642,119.422868
26.023642,119.422868
26.023642,119.422868
26.023642,119.422868
26.023642,119.422868
26.023642,119.422868
26.023642,119.422868
26.023642,119.422868
26.023642,119.422868
26.023642,119.422868
26.023642,119.422868
26.023642,119.422868
26.023642,119.422868
26.023642,119.422868
26.023642,119.422868
26.023642,119.422868
26.023642,119.422868
26.023642,119.422868
26.023642,119.422868
26.023642,119.422868
26.023642,119.422868
26.023642,119.422868
26.023642,119.422868
26.023642,119.422868
26.023642,119.422868
26.023642,119.422868
26.023642,119.422868
26.023642,119.422868
26.023642,119.422868
26.023642,119.422868
26.023642,119.422868
26.023642,119.422868
26.023642,119.422868
26.023642,119.422868
26.023642,119.422868
26.023642,119.422868
26.023642,119.422868
26.023642,119.422868
26.023642,119.422868
26.023642,119.422868
26.023642,119.422868
26.023642,119.422868
26.023642,119.422868
26.023642,119.422868
26.023642,119.422868
26.023642,119.422868
26.023642,119.422868
26.023642,119.422868
26.023642,119.422868
26.023642,119.422868
26.023642,119.422868
26.023642,119.422868
26.023642,119.422868
26.023642,119.422868
26.023642,119.422868
26.023642,119.422868
26.023642,119.422868
26.023642,119.422868
26.023642,119.422868
26.023642,119.422868
26.023642,119.422868
26.023642,119.422868
26.023642,119.422868
26.023642,119.422868
26.023642,119.422868
26.023642,119.422868
26.023642,119.422868
26.023642,119.422868
26.023642,119.422868
26.023642,119.422868
26.023642,119.422868
26.023642,119.422868
26.023642,119.422868
26.023642,119.422868
26.023642,119.422868
26.023642,119.422868
26.023642,119.422868
26.023642,119.422868
26.023642,119.422868
26.023642,119.422868
26.023642,119.422868
26.023642,119.422868
26.023642,119.422868
26.023642,119.422868
26.023642,119.422868
26.023642,119.422868
26.023642,119.422868
26.023642,119.422868
26.023642,119.422868
26.023642,119.422868
26.023642,119.422868
26.023642,119.422868
26.023642,119.422868
26.023642,119.422868
26.023642,119.422868
26.023642,119.422868
26.023642,119.422868
26.023642,119.422868
26.023642,119.422868
26.023642,119.422868
26.023642,119.422868
26.023642,119.422868
26.023642,119.422868
26.023642,119.422868
26.023642,119.422868
26.023642,119.422868
26.023642,119.422868
26.023642,119.422868
26.023642,119.422868
26.023642,119.422868
26.023642,119.422868
26.023642,119.422868
26.023642,119.422868
26.023642,119.422868
26.023642,119.422868
26.023642,119.422868
26.023642,119.422868
26.023642,119.422868
26.023642,119.422868
26.023642,119.422868
26.023642,119.422868
26.023642,119.422868
26.023642,119.422868
26.023642,119.422868
26.023642,119.422868
26.023642,119.422868
26.023642,119.422868
26.023642,119.422868
26.023642,119.422868
26.023642,119.422868
26.023642,119.422868
26.023642,119.422868
26.023642,119.422868
26.023642,119.422868
26.023642,119.422868
26.023642,119.422868
26.023642,119.422868
26.023642,119.422868
26.023642,119.422868
26.023642,119.422868
26.023642,119.422868
26.023642,119.422868
26.023642,119.422868
26.023642,119.422868
26.023642,119.422868
26.023642,119.422868
26.023642,119.422868
26.023642,119.422868
26.023642,119.422868
26.023642,119.422868
26.023642,119.422868
26.023642,119.422868
26.023642,119.422868
26.023642,119.422868
26.023642,119.422868
26.023642,119.422868
26.023642,119.422868
26.023642,119.422868
26.023642,119.422868
26.023642,119.422868
26.023642,119.422868
26.023642,119.422868
26.023642,119.422868
26.023642,119.422868
26.023642,119.422868
26.023642,119.422868
26.023642,119.422868
26.023642,119.422868
26.023642,119.422868
26.023642,119.422868
26.023642,119.422868
26.023642,119.422868
26.023642,119.422868
26.023642,119.422868
26.023642,119.422868
26.023642,119.422868
26.023642,119.422868
26.023642,119.422868
26.023642,119.422868
26.023642,119.422868
26.023642,119.422868
26.023642,119.422868
26.023642,119.422868
26.023642,119.422868
26.023642,119.422868
26.023642,119.422868
26.023642,119.422868
26.023642,119.422868
26.023642,119.422868
26.023642,119.422868
26.023642,119.422868
26.023642,119.422868
26.023642,119.422868
26.023642,119.422868
26.023642,119.422868
26.023642,119.422868
26.023642,119.422868
26.023642,119.422868
26.023642,119.422868
26.023642,119.422868
26.023642,119.422868
26.023642,119.422868
26.023642,119.422868
26.023642,119.422868
26.023642,119.422868
26.023642,119.422868
26.023642,119.422868
26.023642,119.422868
26.023642,119.422868
26.023642,119.422868
26.023642,119.422868
26.023642,119.422868
26.023642,119.422868
26.023642,119.422868
26.023642,119.422868
26.023642,119.422868
26.023642,119.422868
26.023642,119.422868
26.023642,119.422868
26.023642,119.422868
26.023642,119.422868
26.023642,119.422868
26.023642,119.422868
26.023642,119.422868
26.023642,119.422868
26.023642,119.422868
26.023642,119.422868
26.023642,119.422868
26.023642,119.422868
26.023642,119.422868
26.023642,119.422868
26.023642,119.422868
26.023642,119.422868
26.023642,119.422868
26.023642,119.422868
26.023642,119.422868
26.023642,119.422868
26.023642,119.422868
26.023642,119.422868
26.023642,119.422868
26.023642,119.422868
26.023642,119.422868
26.023642,119.422868
26.023642,119.422868
26.023642,119.422868
26.023642,119.422868
26.023642,119.422868
26.023642,119.422868
26.023642,119.422868
26.023642,119.422868
26.023642,119.422868
26.023642,119.422868
26.023642,119.422868
26.023642,119.422868
26.023642,119.422868
26.023642,119.422868
26.023642,119.422868
26.023642,119.422868
26.023642,119.422868
26.023642,119.422868
26.023642,119.422868
26.023642,119.422868
26.023642,119.422868
26.023642,119.422868
26.023642,119.422868
26.023642,119.422868
26.023642,119.422868
26.023642,119.422868
26.023642,119.422868
26.023642,119.422868
26.023642,119.422868
26.023642,119.422868
26.023642,119.422868
26.023642,119.422868
26.023642,119.422868
26.023642,119.422868
26.023642,119.422868
26.023642,119.422868
26.023642,119.422868
26.023642,119.422868
26.023642,119.422868
26.023642,119.422868
26.023642,119.422868
26.023642,119.422868
26.023642,119.422868
26.023642,119.422868
26.023642,119.422868
26.023642,119.422868
26.023642,119.422868
26.023642,119.422868
26.023642,119.422868
26.023642,119.422868
26.023642,119.422868
26.023642,119.422868
26.023642,119.422868
26.023642,119.422868
26.023642,119.422868
26.023642,119.422868
26.023642,119.422868
26.023642,119.422868
26.023642,119.422868
26.023642,119.422868
26.023642,119.422868
26.023642,119.422868
26.023642,119.422868
26.023642,119.422868
26.023642,119.422868
26.023642,119.422868
26.023642,119.422868
26.023642,119.422868
26.023642,119.422868
26.023642,119.422868
26.023642,119.422868
26.023642,119.422868
26.023642,119.422868
26.023642,119.422868
26.023642,119.422868
26.023642,119.422868
26.023642,119.422868
26.023642,119.422868
26.023642,119.422868
26.023642,119.422868
26.023642,119.422868
26.023642,119.422868
26.023642,119.422868
26.023642,119.422868
26.023642,119.422868
26.023642,119.422868
26.023642,119.422868
26.023642,119.422868
26.023642,119.422868
26.023642,119.422868
26.023642,119.422868
26.023642,119.422868
26.023642,119.422868
26.023642,119.422868
26.023642,119.422868
26.023642,119.422868
26.023642,119.422868
26.023642,119.422868
26.023642,119.422868
26.023642,119.422868
26.023642,119.422868
26.023642,119.422868
26.023642,119.422868
26.023642,119.422868
26.023642,119.422868
26.023642,119.422868
26.023642,119.422868
26.023642,119.422868
26.023642,119.422868
26.023642,119.422868
26.023642,119.422868
26.023642,119.422868
26.023642,119.422868
26.023642,119.422868
26.023642,119.422868
26.023642,119.422868
26.023642,119.422868
26.023642,119.422868
26.023642,119.422868
26.023642,119.422868
26.023642,119.422868
26.023642,119.422868
26.023642,119.422868
26.023642,119.422868
26.023642,119.422868
26.023642,119.422868
26.023642,119.422868
26.023642,119.422868
26.023642,119.422868
26.023642,119.422868
26.023642,119.422868
26.023642,119.422868
26.023642,119.422868
26.023642,119.422868
26.023642,119.422868
26.023642,119.422868
26.023642,119.422868
26.023642,119.422868
26.023642,119.422868
26.023642,119.422868
26.023642,119.422868
26.023642,119.422868
26.023642,119.422868
26.023642,119.422868
26.023642,119.422868
26.023642,119.422868
26.023642,119.422868
26.023642,119.422868
26.023642,119.422868
26.023642,119.422868
26.023642,119.422868
26.023642,119.422868
26.023642,119.422868
26.023642,119.422868
26.023642,119.422868
26.023642,119.422868
26.023642,119.422868
26.023642,119.422868
26.023642,119.422868
26.023642,119.422868
26.023642,119.422868
26.023642,119.422868
26.023642,119.422868
26.023642,119.422868
26.023642,119.422868
26.023642,119.422868
26.023642,119.422868
26.023642,119.422868
26.023642,119.422868
26.023642,119.422868
26.023642,119.422868
26.023642,119.422868
26.023642,119.422868
26.023642,119.422868
26.023642,119.422868
26.023642,119.422868
26.023642,119.422868
26.023642,119.422868
26.023642,119.422868
26.023642,119.422868
26.023642,119.422868
26.023642,119.422868
26.023642,119.422868
26.023642,119.422868
26.023642,119.422868
26.023642,119.422868
26.023642,119.422868
26.023642,119.422868
26.023642,119.422868
26.023642,119.422868
26.023642,119.422868
26.023642,119.422868
26.023642,119.422868
26.023642,119.422868
26.023642,119.422868
26.023642,119.422868
26.023642,119.422868
26.023642,119.422868
26.023642,119.422868
26.023642,119.422868
26.023642,119.422868
26.023642,119.422868
26.023642,119.422868
26.023642,119.422868
26.023642,119.422868
26.023642,119.422868
26.023642,119.422868
26.023642,119.422868
26.023642,119.422868
26.023642,119.422868
26.023642,119.422868
26.023642,119.422868
26.023642,119.422868
26.023642,119.422868
26.023642,119.422868
26.023642,119.422868
26.023642,119.422868
26.023642,119.422868
26.023642,119.422868
26.023642,119.422868
26.023642,119.422868
26.023642,119.422868
26.023642,119.422868
26.023642,119.422868
26.023642,119.422868
26.023642,119.422868
26.023642,119.422868
26.023642,119.422868
26.023642,119.422868
26.023642,119.422868
26.023642,119.422868
26.023642,119.422868
26.023642,119.422868
26.023642,119.422868
26.023642,119.422868
26.023642,119.422868
26.021897,119.426076
26.021897,119.426076
26.021897,119.426076
26.021897,119.426076
26.02187,119.426275
26.02187,119.426275
26.02187,119.426275
26.02187,119.426275
26.02187,119.426275
26.02187,119.426275
26.02187,119.426275
26.02187,119.426275
26.02187,119.426275
26.02187,119.426275
26.02187,119.426275
26.02187,119.426275
26.02187,119.426275
26.02187,119.426275
26.02187,119.426275
26.02187,119.426275
26.02187,119.426275
26.02187,119.426275
26.02187,119.426275
26.02187,119.426275
26.02187,119.426275
26.02187,119.426275
26.02187,119.426275
26.02187,119.426275
26.02187,119.426275
26.02187,119.426275
26.02187,119.426275
26.02187,119.426275
26.02187,119.426275
26.02187,119.426275
26.02187,119.426275
26.02187,119.426275
26.02187,119.426275
26.02187,119.426275
26.02187,119.426275
26.02187,119.426275
26.02187,119.426275
26.02187,119.426275
26.02187,119.426275
26.02187,119.426275
26.02187,119.426275
26.02187,119.426275
26.02187,119.426275
26.02187,119.426275
26.02187,119.426275
26.02187,119.426275
26.02187,119.426275
26.02187,119.426275
26.02187,119.426275
26.02187,119.426275
26.02187,119.426275
26.02187,119.426275
26.02187,119.426275
26.02187,119.426275
26.02187,119.426275
26.02187,119.426275
26.02187,119.426275
26.02187,119.426275
26.02187,119.426275
26.02187,119.426275
26.02187,119.426275
26.02187,119.426275
26.02187,119.426275
26.02187,119.426275
26.02187,119.426275
26.02187,119.426275
26.02187,119.426275
26.02187,119.426275
26.02078,119.428268
26.02078,119.428268
26.02078,119.428268
26.02078,119.428268
26.020784,119.428604
26.020784,119.428604
26.020784,119.428604
26.020784,119.428604
26.020757,119.428611
26.020757,119.428611
26.020757,119.428611
26.020757,119.428611
26.020757,119.428611
26.020757,119.428611
26.020757,119.428611
26.020757,119.428611
26.020757,119.428611
26.020757,119.428611
26.020757,119.428611
26.020757,119.428611
26.020757,119.428611
26.020757,119.428611
26.020757,119.428611
26.020757,119.428611
26.020757,119.428611
26.020757,119.428611
26.020757,119.428611
26.020757,119.428611
26.020757,119.428611
26.020757,119.428611
26.020757,119.428611
26.020757,119.428611
26.020757,119.428611
26.020757,119.428611
26.020757,119.428611
26.020757,119.428611
26.020757,119.428611
26.020757,119.428611
26.020757,119.428611
26.020757,119.428611
26.020757,119.428611
26.020757,119.428611
26.020757,119.428611
26.020757,119.428611
26.020757,119.428611
26.020757,119.428611
26.020757,119.428611
26.020757,119.428611
26.020757,119.428611
26.020757,119.428611
26.020757,119.428611
26.020757,119.428611
26.020757,119.428611
26.020757,119.428611
26.020757,119.428611
26.020757,119.428611
26.020757,119.428611
26.020757,119.428611
26.020757,119.428611
26.020757,119.428611
26.020757,119.428611
26.020757,119.428611
26.020757,119.428611
26.020757,119.428611
26.020757,119.428611
26.020757,119.428611
26.020757,119.428611
26.020757,119.428611
26.020757,119.428611
26.020757,119.428611
26.020757,119.428611
26.020757,119.428611
26.020757,119.428611
26.020757,119.428611
26.020757,119.428611
26.020757,119.428611
26.020757,119.428611
26.020757,119.428611
26.020757,119.428611
26.020757,119.428611
26.020757,119.428611
26.020757,119.428611
26.020757,119.428611
26.020757,119.428611
26.020757,119.428611
26.020757,119.428611
26.020757,119.428611
26.020757,119.428611
26.020757,119.428611
26.020757,119.428611
26.020757,119.428611
26.020757,119.428611
26.020757,119.428611
26.020757,119.428611
26.020757,119.428611
26.020757,119.428611
26.020757,119.428611
26.020757,119.428611
26.020757,119.428611
26.020757,119.428611
26.018782,119.431535
26.018782,119.431535
26.018782,119.431535
26.018782,119.431535
26.018819,119.43168
26.018819,119.43168
26.018819,119.43168
26.018819,119.43168
26.01887,119.431844
26.01887,119.431844
26.01887,119.431844
26.01887,119.431844
26.018902,119.431804
26.018902,119.431804
26.018902,119.431804
26.018902,119.431804
26.018893,119.431809
26.018893,119.431809
26.018893,119.431809
26.018893,119.431809
26.018893,119.431809
26.018893,119.431809
26.018893,119.431809
26.018893,119.431809
26.018863,119.431839
26.018863,119.431839
26.018863,119.431839
26.018863,119.431839
26.018863,119.431839
26.018863,119.431839
26.018863,119.431839
26.018863,119.431839
26.018796,119.431869
26.018796,119.431869
26.018796,119.431869
26.018796,119.431869
26.018796,119.431869
26.018796,119.431869
26.018796,119.431869
26.018796,119.431869
26.018796,119.431869
26.018796,119.431869
26.018796,119.431869
26.018796,119.431869
26.018796,119.431869
26.018796,119.431869
26.018796,119.431869
26.018796,119.431869
26.018796,119.431869
26.018796,119.431869
26.018796,119.431869
26.018796,119.431869
26.018796,119.431869
26.018796,119.431869
26.018796,119.431869
26.018796,119.431869
26.018385,119.432492
26.018385,119.432492
26.018385,119.432492
26.018385,119.432492
26.01831,119.432649
26.01831,119.432649
26.01831,119.432649
26.01831,119.432649
26.018229,119.432815
26.018229,119.432815
26.018229,119.432815
26.018229,119.432815
26.018169,119.432979
26.018169,119.432979
26.018169,119.432979
26.018169,119.432979
26.018062,119.433184
26.018062,119.433184
26.018062,119.433184
26.018062,119.433184
26.017959,119.433379
26.017959,119.433379
26.017959,119.433379
26.017959,119.433379
26.017855,119.433523
26.017855,119.433523
26.017855,119.433523
26.017855,119.433523
26.017778,119.433634
26.017778,119.433634
26.017778,119.433634
26.017778,119.433634
26.017722,119.433726
26.017722,119.433726
26.017722,119.433726
26.017722,119.433726
26.017665,119.433838
26.017665,119.433838
26.017665,119.433838
26.017665,119.433838
26.017587,119.433961
26.017587,119.433961
26.017587,119.433961
26.017587,119.433961
26.017528,119.434042
26.017528,119.434042
26.017528,119.434042
26.017528,119.434042
26.017457,119.434161
26.017457,119.434161
26.017457,119.434161
26.017457,119.434161
26.017381,119.434297
26.017381,119.434297
26.017381,119.434297
26.017381,119.434297
26.017317,119.434427
26.017317,119.434427
26.017317,119.434427
26.017317,119.434427
26.017244,119.434583
26.017244,119.434583
26.017244,119.434583
26.017244,119.434583
26.017162,119.434726
26.017162,119.434726
26.017162,119.434726
26.017162,119.434726
26.017087,119.434872
26.017087,119.434872
26.017087,119.434872
26.017087,119.434872
26.017016,119.435013
26.017016,119.435013
26.017016,119.435013
26.017016,119.435013
26.016944,119.435111
26.016944,119.435111
26.016944,119.435111
26.016944,119.435111
26.016868,119.435215
26.016868,119.435215
26.016868,119.435215
26.016868,119.435215
26.016772,119.435352
26.016772,119.435352
26.016772,119.435352
26.016772,119.435352
26.0167,119.435486
26.0167,119.435486
26.0167,119.435486
26.0167,119.435486
26.016672,119.43555
26.016672,119.43555
26.016672,119.43555
26.016672,119.43555
26.016673,119.435588
26.016673,119.435588
26.016673,119.435588
26.016673,119.435588
26.016663,119.43562
26.016663,119.43562
26.016663,119.43562
26.016663,119.43562
26.016653,119.435632
26.016653,119.435632
26.016653,119.435632
26.016653,119.435632
26.016653,119.435632
26.016653,119.435632
26.016653,119.435632
26.016653,119.435632
26.016653,119.435632
26.016653,119.435632
26.016653,119.435632
26.016653,119.435632
26.016653,119.435632
26.016653,119.435632
26.016653,119.435632
26.016653,119.435632
26.016653,119.435632
26.016653,119.435632
26.016653,119.435632
26.016653,119.435632
26.016653,119.435632
26.016653,119.435632
26.016653,119.435632
26.016653,119.435632
26.016653,119.435632
26.016653,119.435632
26.016653,119.435632
26.016653,119.435632
26.016653,119.435632
26.016653,119.435632
26.016653,119.435632
26.016653,119.435632
26.016653,119.435632
26.016653,119.435632
26.016653,119.435632
26.016653,119.435632
26.016653,119.435632
26.016653,119.435632
26.016653,119.435632
26.016653,119.435632
26.016653,119.435632
26.016653,119.435632
26.016653,119.435632
26.016653,119.435632
26.016653,119.435632
26.016653,119.435632
26.016653,119.435632
26.016653,119.435632
26.016653,119.435632
26.016653,119.435632
26.016653,119.435632
26.016653,119.435632
26.016653,119.435632
26.016653,119.435632
26.016653,119.435632
26.016653,119.435632
26.016653,119.435632
26.016653,119.435632
26.016653,119.435632
26.016653,119.435632
26.016653,119.435632
26.016653,119.435632
26.016653,119.435632
26.016653,119.435632
26.016653,119.435632
26.016653,119.435632
26.016653,119.435632
26.016653,119.435632
26.016653,119.435632
26.016653,119.435632
26.016653,119.435632
26.016653,119.435632
26.016653,119.435632
26.016653,119.435632
26.016653,119.435632
26.016653,119.435632
26.016653,119.435632
26.016653,119.435632
26.016653,119.435632
26.016653,119.435632
26.016653,119.435632
26.016653,119.435632
26.016653,119.435632
26.016653,119.435632
26.016675,119.435653
26.016675,119.435653
26.016675,119.435653
26.016675,119.435653
26.016685,119.435721
26.016685,119.435721
26.016685,119.435721
26.016685,119.435721
26.016709,119.435842
26.016709,119.435842
26.016709,119.435842
26.016709,119.435842
26.016743,119.435994
26.016743,119.435994
26.016743,119.435994
26.016743,119.435994
26.016791,119.436153
26.016791,119.436153
26.016791,119.436153
26.016791,119.436153
26.016835,119.436295
26.016835,119.436295
26.016835,119.436295
26.016835,119.436295
26.016897,119.436446
26.016897,119.436446
26.016897,119.436446
26.016897,119.436446
26.016974,119.436562
26.016974,119.436562
26.016974,119.436562
26.016974,119.436562
26.017066,119.436658
26.017066,119.436658
26.017066,119.436658
26.017066,119.436658
26.017136,119.436758
26.017136,119.436758
26.017136,119.436758
26.017136,119.436758
26.017173,119.436809
26.017173,119.436809
26.017173,119.436809
26.017173,119.436809
26.017203,119.436854
26.017203,119.436854
26.017203,119.436854
26.017203,119.436854
26.017212,119.436926
26.017212,119.436926
26.017212,119.436926
26.017212,119.436926
26.017206,119.437
26.017206,119.437
26.017206,119.437
26.017206,119.437
26.017185,119.43706
26.017185,119.43706
26.017185,119.43706
26.017185,119.43706
26.017156,119.437168
26.017156,119.437168
26.017156,119.437168
26.017156,119.437168
26.017135,119.437351
26.017135,119.437351
26.017135,119.437351
26.017135,119.437351
26.017122,119.43751
26.017122,119.43751
26.017122,119.43751
26.017122,119.43751
26.017128,119.437649
26.017128,119.437649
26.017128,119.437649
26.017128,119.437649
26.017129,119.437754
26.017129,119.437754
26.017129,119.437754
26.017129,119.437754
26.017109,119.437804
26.017109,119.437804
26.017109,119.437804
26.017109,119.437804
26.017096,119.437827
26.017096,119.437827
26.017096,119.437827
26.017096,119.437827
26.017096,119.437827
26.017096,119.437827
26.017096,119.437827
26.017096,119.437827
26.017096,119.437827
26.017096,119.437827
26.017096,119.437827
26.017096,119.437827
26.017096,119.437827
26.017096,119.437827
26.017096,119.437827
26.017096,119.437827
26.017096,119.437827
26.017096,119.437827
26.017096,119.437827
26.017096,119.437827
26.017096,119.437827
26.017096,119.437827
26.017096,119.437827
26.017096,119.437827
26.017096,119.437827
26.017096,119.437827
26.017096,119.437827
26.017096,119.437827
26.017096,119.437827
26.017096,119.437827
26.017096,119.437827
26.017096,119.437827
26.017096,119.437827
26.017096,119.437827
26.017096,119.437827
26.017096,119.437827
26.017096,119.437827
26.017096,119.437827
26.017096,119.437827
26.017096,119.437827
26.017096,119.437827
26.017096,119.437827
26.017096,119.437827
26.017096,119.437827
26.017096,119.437827
26.017096,119.437827
26.017096,119.437827
26.017096,119.437827
26.017096,119.437827
26.017096,119.437827
26.017096,119.437827
26.017096,119.437827
26.017096,119.437827
26.017096,119.437827
26.017096,119.437827
26.017096,119.437827
26.017096,119.437827
26.017096,119.437827
26.017096,119.437827
26.017096,119.437827
26.017096,119.437827
26.017096,119.437827
26.017096,119.437827
26.017096,119.437827
26.017096,119.437827
26.017096,119.437827
26.017096,119.437827
26.017096,119.437827
26.017096,119.437827
26.017096,119.437827
26.017096,119.437827
26.017096,119.437827
26.017096,119.437827
26.017096,119.437827
26.017096,119.437827
26.017096,119.437827
26.017096,119.437827
26.017096,119.437827
26.017096,119.437827
26.017096,119.437827
26.017096,119.437827
26.017096,119.437827
26.017096,119.437827
26.017096,119.437827
26.017096,119.437827
26.017096,119.437827
26.017096,119.437827
26.017096,119.437827
26.017096,119.437827
26.017096,119.437827
26.017096,119.437827
26.017096,119.437827
26.017096,119.437827
26.017096,119.437827
26.017096,119.437827
26.017096,119.437827
26.017096,119.437827
26.017096,119.437827
26.017096,119.437827
26.017096,119.437827
26.017096,119.437827
26.017096,119.437827
26.017096,119.437827
26.017096,119.437827
26.017096,119.437827
26.017096,119.437827
26.017096,119.437827
26.017096,119.437827
26.017096,119.437827
26.017096,119.437827
26.017096,119.437827
26.017096,119.437827
26.017096,119.437827
26.017096,119.437827
26.017096,119.437827
26.017096,119.437827
26.017096,119.437827
26.017096,119.437827
26.017096,119.437827
26.017096,119.437827
26.017096,119.437827
26.017096,119.437827
26.017096,119.437827
26.017096,119.437827
26.017096,119.437827
26.017096,119.437827
26.017096,119.437827
26.017096,119.437827
26.018986,119.429432
26.018986,119.429432
26.018986,119.429432
26.018986,119.429432
26.018986,119.429432
26.018986,119.429432
26.017192,119.43817
26.017192,119.43817
26.017192,119.43817
26.017192,119.43817
26.017192,119.43817
26.017192,119.43817
26.017192,119.43817
26.017192,119.43817
26.017192,119.43817
26.017192,119.43817
26.017192,119.43817
26.017192,119.43817
26.017192,119.43817
26.017192,119.43817
26.017192,119.43817
26.017192,119.43817
26.017192,119.43817
26.017192,119.43817
26.017192,119.43817
26.017192,119.43817
26.017192,119.43817
26.017192,119.43817
26.017192,119.43817
26.017192,119.43817
26.017192,119.43817
26.017192,119.43817
26.017192,119.43817
26.017192,119.43817
26.017192,119.43817
26.017192,119.43817
26.017192,119.43817
26.017192,119.43817
26.017192,119.43817
26.017192,119.43817
26.017192,119.43817
26.017192,119.43817
26.017192,119.43817
26.017192,119.43817
26.017192,119.43817
26.017192,119.43817
26.017192,119.43817
26.017192,119.43817
26.017192,119.43817
26.017192,119.43817
26.017192,119.43817
26.017192,119.43817
26.017192,119.43817
26.017192,119.43817
26.017192,119.43817
26.017192,119.43817
26.017192,119.43817
26.017192,119.43817
26.017192,119.43817
26.017192,119.43817
26.017192,119.43817
26.017192,119.43817
26.017192,119.43817
26.017192,119.43817
26.017192,119.43817
26.017192,119.43817
26.017192,119.43817
26.017192,119.43817
26.017192,119.43817
26.017192,119.43817
26.017192,119.43817
26.017192,119.43817
26.017192,119.43817
26.017192,119.43817
26.017192,119.43817
26.017192,119.43817
26.017192,119.43817
26.017192,119.43817
26.017192,119.43817
26.017192,119.43817
26.017192,119.43817
26.017192,119.43817
26.017192,119.43817
26.017192,119.43817
26.017192,119.43817
26.017192,119.43817
26.017192,119.43817
26.017192,119.43817
26.017192,119.43817
26.017192,119.43817
26.017192,119.43817
26.017192,119.43817
26.017192,119.43817
26.017192,119.43817
26.017192,119.43817
26.017192,119.43817
26.017192,119.43817
26.017192,119.43817
26.017192,119.43817
26.017192,119.43817
26.017192,119.43817
26.017192,119.43817
26.017192,119.43817
26.017192,119.43817
26.017192,119.43817
26.017192,119.43817
26.017192,119.43817
26.017192,119.43817
26.017192,119.43817
26.017192,119.43817
26.017192,119.43817
26.017192,119.43817
26.017192,119.43817
26.017192,119.43817
26.017192,119.43817
26.017192,119.43817
26.017192,119.43817
26.017192,119.43817
26.017192,119.43817
26.017192,119.43817
26.017192,119.43817
26.017192,119.43817
26.017192,119.43817
26.017192,119.43817
26.017192,119.43817
26.017192,119.43817
26.017192,119.43817
26.017192,119.43817
26.017192,119.43817
26.017192,119.43817
26.017192,119.43817
26.017192,119.43817
26.017192,119.43817
26.017192,119.43817
26.017192,119.43817
26.017192,119.43817
26.017192,119.43817
26.017192,119.43817
26.017192,119.43817
26.017192,119.43817
26.017192,119.43817
26.017192,119.43817
26.017192,119.43817
26.017192,119.43817
26.017192,119.43817
26.017192,119.43817
26.017192,119.43817
26.017192,119.43817
26.017192,119.43817
26.017192,119.43817
26.017192,119.43817
26.017192,119.43817
26.017192,119.43817
26.017192,119.43817
26.017192,119.43817
26.017192,119.43817
26.017192,119.43817
26.017192,119.43817
26.017192,119.43817
26.017192,119.43817
26.017192,119.43817
26.017275,119.437858
26.017275,119.437858
26.017275,119.437858
26.017275,119.437858
26.017275,119.437858
26.017275,119.437858
26.017275,119.437858
26.017275,119.437858
26.017275,119.437858
26.017275,119.437858
26.017275,119.437858
26.017275,119.437858
26.017275,119.437858
26.017275,119.437858
26.017275,119.437858
26.017275,119.437858
26.017275,119.437858
26.017275,119.437858
26.017275,119.437858
26.017275,119.437858
26.017275,119.437858
26.017275,119.437858
26.017275,119.437858
26.017275,119.437858
26.017275,119.437858
26.017275,119.437858
26.017275,119.437858
26.017275,119.437858
26.017275,119.437858
26.017275,119.437858
26.017275,119.437858
26.017275,119.437858
26.017275,119.437858
26.017275,119.437858
26.017275,119.437858
26.017275,119.437858
26.017275,119.437858
26.017275,119.437858
26.017275,119.437858
26.017275,119.437858
26.017275,119.437858
26.017275,119.437858
26.017275,119.437858
26.017275,119.437858
26.017275,119.437858
26.017275,119.437858
26.017275,119.437858
26.017275,119.437858
26.017275,119.437858
26.017275,119.437858
26.017275,119.437858
26.017275,119.437858
26.017275,119.437858
26.017275,119.437858
26.017275,119.437858
26.017275,119.437858
26.017275,119.437858
26.017275,119.437858
26.017275,119.437858
26.017275,119.437858
26.017275,119.437858
26.017275,119.437858
26.017275,119.437858
26.017275,119.437858
26.017275,119.437858
26.017275,119.437858
26.017275,119.437858
26.017275,119.437858
26.017275,119.437858
26.017275,119.437858
26.017275,119.437858
26.017275,119.437858
26.017275,119.437858
26.017275,119.437858
26.017275,119.437858
26.017275,119.437858
26.017275,119.437858
26.017275,119.437858
26.017275,119.437858
26.017275,119.437858
26.017275,119.437858
26.017275,119.437858
26.017275,119.437858
26.017275,119.437858
26.017275,119.437858
26.017275,119.437858
26.017275,119.437858
26.017275,119.437858
26.017275,119.437858
26.017275,119.437858
26.017275,119.437858
26.017275,119.437858
26.017275,119.437858
26.017275,119.437858
26.017275,119.437858
26.017275,119.437858
26.017275,119.437858
26.017275,119.437858
26.017275,119.437858
26.017275,119.437858
26.017275,119.437858
26.017275,119.437858
26.017275,119.437858
26.017275,119.437858
26.017275,119.437858
26.017275,119.437858
26.017275,119.437858
26.017275,119.437858
26.017275,119.437858
26.017275,119.437858
26.017275,119.437858
26.017275,119.437858
26.017275,119.437858
26.017275,119.437858
26.017275,119.437858
26.017275,119.437858
26.017275,119.437858
26.017275,119.437858
26.017275,119.437858
26.017275,119.437858
26.017275,119.437858
26.017275,119.437858
26.017275,119.437858
26.017275,119.437858
26.017275,119.437858
26.017275,119.437858
26.017275,119.437858
26.017275,119.437858
26.017275,119.437858
26.017275,119.437858
26.017275,119.437858
26.017275,119.437858
26.017275,119.437858
26.017275,119.437858
26.017275,119.437858
26.017275,119.437858
26.017275,119.437858
26.017275,119.437858
26.017275,119.437858
26.017275,119.437858
26.017275,119.437858
26.017275,119.437858
26.017275,119.437858
26.017275,119.437858
26.017275,119.437858
26.017275,119.437858
26.017275,119.437858
26.017275,119.437858
26.017275,119.437858
26.017275,119.437858
26.017275,119.437858
26.017275,119.437858
26.017275,119.437858
26.017275,119.437858
26.017275,119.437858
26.017275,119.437858
26.017275,119.437858
26.017275,119.437858
26.017275,119.437858
26.017275,119.437858
26.017275,119.437858
26.017275,119.437858
26.017275,119.437858
26.017275,119.437858
26.017275,119.437858
26.017275,119.437858
26.017275,119.437858
26.017275,119.437858
26.017275,119.437858
26.017275,119.437858
26.017275,119.437858
26.017275,119.437858
26.017275,119.437858
26.017275,119.437858
26.017275,119.437858
26.017275,119.437858
26.017275,119.437858
26.017275,119.437858
26.017275,119.437858
26.017275,119.437858
26.017275,119.437858
26.017275,119.437858
26.017275,119.437858
26.017275,119.437858
26.017275,119.437858
26.017275,119.437858
26.017275,119.437858
26.017275,119.437858
26.017275,119.437858
26.017275,119.437858
